Q:
299
n:
15
Demands:
1	65
2	97
3	91
4	77
5	61
6	89
7	85
8	89
9	97
10	76
11	51
12	72
13	65
14	86
15	95
Cost-matrix:
0	550	61	1072	687	592	494	813	33	758	898	907	672	727	317	935	
550	0	594	612	184	682	561	714	544	413	441	829	148	857	772	605	
61	594	0	1094	738	565	476	799	52	773	923	889	710	690	257	943	
1072	612	1094	0	651	819	768	625	1052	339	177	694	466	936	1168	280	
687	184	738	651	0	865	744	877	686	541	502	991	230	1039	938	715	
592	682	565	819	865	0	127	277	560	499	699	337	686	176	461	566	
494	561	476	768	744	127	0	324	463	433	630	414	576	302	429	541	
813	714	799	625	877	277	324	0	782	376	553	117	658	327	733	347	
33	544	52	1052	686	560	463	782	0	735	880	876	661	695	296	910	
758	413	773	339	541	499	433	376	735	0	201	479	311	640	829	198	
898	441	923	177	502	699	630	553	880	201	0	644	298	837	1010	255	
907	829	889	694	991	337	414	117	876	479	644	0	771	325	797	415	
672	148	710	466	230	686	576	658	661	311	298	771	0	854	858	488	
727	857	690	936	1039	176	302	327	695	640	837	325	854	0	529	666	
317	772	257	1168	938	461	429	733	296	829	1010	797	858	529	0	964	
935	605	943	280	715	566	541	347	910	198	255	415	488	666	964	0	
