Q:
281
n:
15
Demands:
1	74
2	86
3	75
4	71
5	87
6	87
7	66
8	71
9	75
10	62
11	78
12	83
13	63
14	95
15	52
Cost-matrix:
0	406	97	117	195	551	817	684	319	645	647	434	952	341	307	876	
406	0	447	509	271	686	1021	541	645	648	918	770	852	299	624	1162	
97	447	0	75	193	461	721	638	229	572	552	348	887	310	214	784	
117	509	75	0	265	500	732	707	217	628	548	323	949	384	209	769	
195	271	193	265	0	468	784	501	375	503	657	500	786	155	354	900	
551	686	461	500	468	0	341	423	343	212	317	376	523	388	331	536	
817	1021	721	732	784	341	0	719	520	486	222	460	688	725	524	264	
684	541	638	707	501	423	719	0	666	234	740	750	312	347	646	950	
319	645	229	217	375	343	520	666	0	521	331	125	849	422	24	557	
645	648	572	628	503	212	486	234	521	0	521	577	329	370	505	720	
647	918	552	548	657	317	222	740	331	521	0	247	799	640	341	244	
434	770	348	323	500	376	460	750	125	577	247	0	898	538	146	449	
952	852	887	949	786	523	688	312	849	329	799	898	0	635	833	950	
341	299	310	384	155	388	725	347	422	370	640	538	635	0	399	883	
307	624	214	209	354	331	524	646	24	505	341	146	833	399	0	571	
876	1162	784	769	900	536	264	950	557	720	244	449	950	883	571	0	
