Q:
279
n:
15
Demands:
1	75
2	66
3	84
4	91
5	81
6	88
7	57
8	66
9	82
10	68
11	85
12	91
13	54
14	75
15	54
Cost-matrix:
0	522	355	745	877	296	581	478	406	694	544	485	657	710	370	580	
522	0	249	228	447	470	791	48	523	249	157	758	668	764	647	69	
355	249	0	432	523	222	548	228	280	345	365	510	466	554	398	318	
745	228	432	0	299	646	924	275	670	174	304	915	746	845	817	188	
877	447	523	299	0	679	856	489	652	200	576	883	620	711	818	445	
296	470	222	646	679	0	350	445	114	533	572	294	364	425	178	538	
581	791	548	924	856	350	0	774	269	775	911	113	264	226	212	857	
478	48	228	275	489	445	774	0	506	290	146	736	667	761	622	104	
406	523	280	670	652	114	269	506	0	534	644	246	251	312	167	590	
694	249	345	174	200	533	775	290	534	0	389	778	579	677	692	258	
544	157	365	304	576	572	911	146	644	389	0	865	812	906	747	132	
485	758	510	915	883	294	113	736	246	778	865	0	338	324	124	826	
657	668	466	746	620	364	264	667	251	579	812	338	0	99	352	726	
710	764	554	845	711	425	226	761	312	677	906	324	99	0	372	823	
370	647	398	817	818	178	212	622	167	692	747	124	352	372	0	715	
580	69	318	188	445	538	857	104	590	258	132	826	726	823	715	0	
