Q:
401
n:
20
Demands:
1	80
2	87
3	100
4	71
5	97
6	82
7	88
8	95
9	74
10	68
11	85
12	95
13	53
14	100
15	93
16	75
17	67
18	56
19	89
20	52
Cost-matrix:
0	890	758	91	381	668	725	200	240	467	481	212	357	208	781	426	1029	175	47	284	825	
890	0	731	954	952	413	273	831	885	525	421	1023	616	841	805	479	139	753	845	787	543	
758	731	0	849	500	331	823	568	561	382	669	722	800	564	75	518	815	767	721	479	220	
91	954	849	0	454	754	771	287	320	553	538	249	385	294	871	502	1093	208	134	373	914	
381	952	500	454	0	590	890	207	145	427	644	245	635	193	492	501	1079	495	369	184	654	
668	413	331	754	590	0	497	533	565	203	387	728	565	538	403	280	517	602	622	461	209	
725	273	823	771	890	497	0	725	788	502	254	896	395	737	893	392	386	563	685	709	687	
200	831	568	287	207	533	725	0	69	336	472	197	433	15	586	354	966	289	174	90	660	
240	885	561	320	145	565	788	69	0	375	537	168	501	55	570	411	1018	352	225	105	674	
467	525	382	553	427	203	502	336	375	0	298	532	420	342	438	138	652	416	421	272	371	
481	421	669	538	644	387	254	472	537	298	0	643	207	485	731	164	559	333	439	461	595	
212	1023	722	249	245	728	896	197	168	532	643	0	556	191	724	544	1159	379	230	270	841	
357	616	800	385	635	565	395	433	501	420	207	556	0	447	851	291	750	183	327	462	768	
208	841	564	294	193	538	737	15	55	342	485	191	447	0	580	365	975	302	184	87	661	
781	805	75	871	492	403	893	586	570	438	731	724	851	580	0	576	888	805	746	498	288	
426	479	518	502	501	280	392	354	411	138	164	544	291	365	576	0	615	328	379	322	479	
1029	139	815	1093	1079	517	386	966	1018	652	559	1159	750	975	888	615	0	891	984	918	611	
175	753	767	208	495	602	563	289	352	416	333	379	183	302	805	328	891	0	149	345	786	
47	845	721	134	369	622	685	174	225	421	439	230	327	184	746	379	984	149	0	253	781	
284	787	479	373	184	461	709	90	105	272	461	270	462	87	498	322	918	345	253	0	575	
825	543	220	914	654	209	687	660	674	371	595	841	768	661	288	479	611	786	781	575	0	
