Q:
334
n:
20
Demands:
1	61
2	64
3	86
4	50
5	50
6	66
7	80
8	77
9	55
10	59
11	89
12	50
13	52
14	79
15	58
16	70
17	69
18	59
19	89
20	76
Cost-matrix:
0	812	933	592	516	775	743	754	396	199	366	831	673	499	706	403	189	865	697	416	525	
812	0	329	553	303	504	367	481	701	614	840	596	407	371	437	765	637	403	403	433	526	
933	329	0	450	518	829	691	804	675	750	1068	922	721	435	755	731	744	730	721	519	807	
592	553	450	0	459	888	773	860	241	467	853	981	754	253	799	289	426	869	768	284	736	
516	303	518	459	0	430	323	402	501	320	556	522	296	206	341	562	353	433	311	207	305	
775	504	829	888	430	0	138	29	909	628	575	96	135	636	90	965	687	163	121	628	252	
743	367	691	773	323	138	0	115	819	572	609	232	80	523	81	878	626	124	59	528	258	
754	481	804	860	402	29	115	0	882	603	564	124	107	607	62	938	662	159	93	600	234	
396	701	675	241	501	909	819	882	0	342	718	992	778	333	822	65	281	933	797	295	705	
199	614	750	467	320	628	572	603	342	0	388	697	511	317	549	380	66	695	534	234	392	
366	840	1068	853	556	575	609	564	718	388	0	593	529	664	542	742	441	714	551	592	352	
831	596	922	981	522	96	232	124	992	697	593	0	227	728	184	1046	759	225	216	716	309	
673	407	721	754	296	135	80	107	778	511	529	227	0	502	45	835	567	196	25	494	178	
499	371	435	253	206	636	523	607	333	317	664	728	502	0	546	397	310	626	516	84	491	
706	437	755	799	341	90	81	62	822	549	542	184	45	546	0	878	607	174	35	539	196	
403	765	731	289	562	965	878	938	65	380	742	1046	835	397	878	0	316	994	855	358	754	
189	637	744	426	353	687	626	662	281	66	441	759	567	310	607	316	0	748	590	227	455	
865	403	730	869	433	163	124	159	933	695	714	225	196	626	174	994	748	0	172	640	369	
697	403	721	768	311	121	59	93	797	534	551	216	25	516	35	855	590	172	0	512	201	
416	433	519	284	207	628	528	600	295	234	592	716	494	84	539	358	227	640	512	0	455	
525	526	807	736	305	252	258	234	705	392	352	309	178	491	196	754	455	369	201	455	0	
